20
Homosapie  0.000000000000  0.049365517507  0.195336830387  0.217490904184  0.238405671932  0.243037287467  0.252186878781  0.245930155322  0.251169343096  0.252803750385  0.262751390611  0.253141992664  0.238752768433  0.268969857784  0.270394529881  0.234911530843  0.247027052266  0.262574934948  0.248925407348  0.321002175850  
Xenopusla  0.049365517507  0.000000000000  0.194861160321  0.210449323370  0.235206477639  0.238281222651  0.249566070166  0.237952940474  0.242861090870  0.247644585852  0.258333001337  0.247809729092  0.230479007727  0.265145009664  0.264966645718  0.226677681799  0.241731562321  0.257368092331  0.245336910706  0.313820989399  
Artemiasa  0.195336830387  0.194861160321  0.000000000000  0.225882144254  0.257266119142  0.268372875613  0.258929189346  0.250162672198  0.242651363974  0.247275151283  0.247896595882  0.250768553197  0.238043979029  0.265161318976  0.265161318976  0.236027231101  0.264626970051  0.264981123083  0.264178100323  0.320968243873  
Anemonias  0.217490904184  0.210449323370  0.225882144254  0.000000000000  0.183935272363  0.185358812191  0.177141869875  0.184417527891  0.163918997948  0.170867561404  0.172235384623  0.174540877089  0.167076184781  0.196012592054  0.193090035994  0.170218442542  0.184376221887  0.178043981881  0.184376221887  0.255762486497  
Oryzasati  0.238405671932  0.235206477639  0.257266119142  0.183935272363  0.000000000000  0.020248698927  0.052279964316  0.080590874476  0.188848490463  0.198179009446  0.196212869598  0.207145320226  0.181100119848  0.219740343511  0.224113220245  0.182870949494  0.135985246147  0.125595348628  0.138172706794  0.258049096683  
Zeamaysxx  0.243037287467  0.238281222651  0.268372875613  0.185358812191  0.020248698927  0.000000000000  0.059626371607  0.090787833339  0.197381132633  0.201761581932  0.207752040740  0.211545691636  0.186687259198  0.226512398551  0.231697969311  0.189207669197  0.145988499269  0.135985246147  0.150190625724  0.254887185707  
Glycinema  0.252186878781  0.249566070166  0.258929189346  0.177141869875  0.052279964316  0.059626371607  0.000000000000  0.075674838850  0.181141084395  0.193198258174  0.197797453236  0.197701781957  0.179792487932  0.217773973256  0.218381971280  0.185850877587  0.140025659959  0.133563551068  0.140787940003  0.250808493383  
Zamiapumi  0.245930155322  0.237952940474  0.250162672198  0.184417527891  0.080590874476  0.090787833339  0.075674838850  0.000000000000  0.186317145001  0.190531714649  0.202274308262  0.197924474340  0.185027945451  0.223067719273  0.221419135482  0.192567137300  0.145946845918  0.125949614506  0.146717642057  0.247737199821  
Candidaal  0.251169343096  0.242861090870  0.242651363974  0.163918997948  0.188848490463  0.197381132633  0.181141084395  0.186317145001  0.000000000000  0.044633604805  0.116811149485  0.050086528128  0.116153110399  0.151254995591  0.155404383768  0.114321586168  0.183029929062  0.179560016279  0.179876187457  0.260446315271  
Kluyveromy 0.252803750385  0.247644585852  0.247275151283  0.170867561404  0.198179009446  0.201761581932  0.193198258174  0.190531714649  0.044633604805  0.000000000000  0.121501649221  0.021571969562  0.122161424940  0.151970549126  0.160367864524  0.121649779649  0.197988872326  0.188606555274  0.194088315596  0.266374908459  
Neurospora 0.262751390611  0.258333001337  0.247896595882  0.172235384623  0.196212869598  0.207752040740  0.197797453236  0.202274308262  0.116811149485  0.121501649221  0.000000000000  0.128870156424  0.129141303000  0.167322689483  0.171639178084  0.137414115151  0.199681875302  0.193198258174  0.194319589078  0.275729657375  
Saccharomy 0.253141992664  0.247809729092  0.250768553197  0.174540877089  0.207145320226  0.211545691636  0.197701781957  0.197924474340  0.050086528128  0.021571969562  0.128870156424  0.000000000000  0.125622421910  0.154132262785  0.161164919604  0.130443901381  0.200458709452  0.190300923742  0.197283576050  0.266744086031  
Bulleraal  0.238752768433  0.230479007727  0.238043979029  0.167076184781  0.181100119848  0.186687259198  0.179792487932  0.185027945451  0.116153110399  0.122161424940  0.129141303000  0.125622421910  0.000000000000  0.128163935379  0.130153766306  0.041271156278  0.170386832118  0.179050983414  0.165774827865  0.255694940228  
Leucospori 0.268969857784  0.265145009664  0.265161318976  0.196012592054  0.219740343511  0.226512398551  0.217773973256  0.223067719273  0.151254995591  0.151970549126  0.167322689483  0.154132262785  0.128163935379  0.000000000000  0.020830762900  0.127072218389  0.204108843394  0.214591397769  0.204639162204  0.290839289830  
Sporobolom 0.270394529881  0.264966645718  0.265161318976  0.193090035994  0.224113220245  0.231697969311  0.218381971280  0.221419135482  0.155404383768  0.160367864524  0.171639178084  0.161164919604  0.130153766306  0.020830762900  0.000000000000  0.127657218556  0.201154629826  0.215480392199  0.198116967865  0.287656891475  
Trichospor 0.234911530843  0.226677681799  0.236027231101  0.170218442542  0.182870949494  0.189207669197  0.185850877587  0.192567137300  0.114321586168  0.121649779649  0.137414115151  0.130443901381  0.041271156278  0.127072218389  0.127657218556  0.000000000000  0.176991343352  0.180705668455  0.172944940021  0.254712850883  
Chlamydomo 0.247027052266  0.241731562321  0.264626970051  0.184376221887  0.135985246147  0.145988499269  0.140025659959  0.145946845918  0.183029929062  0.197988872326  0.199681875302  0.200458709452  0.170386832118  0.204108843394  0.201154629826  0.176991343352  0.000000000000  0.075327861546  0.019902608358  0.260738998799  
Chlorellaa 0.262574934948  0.257368092331  0.264981123083  0.178043981881  0.125595348628  0.135985246147  0.133563551068  0.125949614506  0.179560016279  0.188606555274  0.193198258174  0.190300923742  0.179050983414  0.214591397769  0.215480392199  0.180705668455  0.075327861546  0.000000000000  0.081016063956  0.261289717442  
Volvoxcar  0.248925407348  0.245336910706  0.264178100323  0.184376221887  0.138172706794  0.150190625724  0.140787940003  0.146717642057  0.179876187457  0.194088315596  0.194319589078  0.197283576050  0.165774827865  0.204639162204  0.198116967865  0.172944940021  0.019902608358  0.081016063956  0.000000000000  0.257385424647  
Palmariap  0.321002175850  0.313820989399  0.320968243873  0.255762486497  0.258049096683  0.254887185707  0.250808493383  0.247737199821  0.260446315271  0.266374908459  0.275729657375  0.266744086031  0.255694940228  0.290839289830  0.287656891475  0.254712850883  0.260738998799  0.261289717442  0.257385424647  0.000000000000  

