54
tax1       0.000000000000  0.137419434518  0.141021385565  0.078783221735  0.137136708861  0.070535297117  0.067679747769  0.074617379949  0.075769074009  0.081689654893  0.073442612161  0.075940245664  0.049396639858  0.076609409285  0.075929641493  0.077891352952  0.082925277309  0.082865823162  0.081196991799  0.069354948972  0.073683483445  0.164007555141  0.172640510493  0.100265716585  0.066750804363  0.068103280420  0.084596211222  0.066580025442  0.069724301730  0.086073133583  0.068189408259  0.068103280420  0.066781449932  0.091327657744  0.070171769557  0.192404510288  0.136274952930  0.137136708861  0.083902233738  0.074525279377  0.081363545218  0.086539955573  0.074609755396  0.076175195869  0.076564648614  0.074704377176  0.077503890472  0.082598985347  0.077448936062  0.077307122120  0.088017827712  0.085376366752  0.085320383301  0.086989968214  
tax2       0.137419434518  0.000000000000  0.020456259165  0.125127651800  0.138827135891  0.122351962454  0.124484095902  0.119646832224  0.118554915085  0.116805235879  0.113998779293  0.115271090374  0.122545754942  0.120708853298  0.119581909852  0.122057708270  0.124144310899  0.132961962496  0.112251793859  0.124234355496  0.122797311643  0.137225876347  0.149959501848  0.142765697981  0.121039467103  0.119538064906  0.125397930171  0.116601222385  0.121526415068  0.154062667860  0.122709907259  0.122545754942  0.117103671781  0.142208386955  0.111306878584  0.152365915636  0.142431612733  0.138827135891  0.125199158039  0.123982178473  0.130670378446  0.126990097503  0.122351962454  0.118186303659  0.118819711003  0.122515536761  0.118286241903  0.133773208739  0.118029009397  0.119301263490  0.158503385140  0.137506944852  0.138970424458  0.130343840936  
tax3       0.141021385565  0.020456259165  0.000000000000  0.126947473155  0.132086189825  0.122123183302  0.127147823924  0.120862206387  0.120693884997  0.118004619801  0.112940060899  0.116287120635  0.123832150776  0.119232836245  0.119232836245  0.120794207193  0.134897940029  0.134919699119  0.114833768305  0.126840885396  0.125334648769  0.141308179386  0.155782928059  0.152411782155  0.125662885415  0.124080932763  0.131269778506  0.111350259555  0.125839358560  0.160247904895  0.127250262949  0.127250262949  0.120794207193  0.150922860523  0.108597770425  0.157320544846  0.135798073464  0.132086189825  0.125019325466  0.125264650157  0.128689820293  0.128306675208  0.122123183302  0.117616166844  0.117616166844  0.122123183302  0.117885778271  0.133469568142  0.117616166844  0.114373324792  0.149722175093  0.141107698187  0.139484733242  0.133049184821  
tax4       0.078783221735  0.125127651800  0.126947473155  0.000000000000  0.131544109486  0.075863905222  0.067634811770  0.077405381040  0.078604306289  0.078899919671  0.070780465254  0.073275199366  0.065187929090  0.069749355932  0.069134894434  0.071017165812  0.082973871635  0.076122624720  0.073218542141  0.070755645092  0.062869587693  0.159417738936  0.150434434755  0.101569876843  0.060007303799  0.058679762686  0.015724180467  0.073275199366  0.060233452064  0.080384822862  0.061415631632  0.061338663123  0.062794149737  0.092673992808  0.064544164680  0.180417325964  0.130677259212  0.131544109486  0.082213491568  0.078652738674  0.082741839186  0.081891285021  0.071797559294  0.073366711521  0.073740302664  0.071888226344  0.076055725009  0.079384934333  0.073273905227  0.084310493335  0.085065214920  0.080208805669  0.081536871271  0.074894343761  
tax5       0.137136708861  0.138827135891  0.132086189825  0.131544109486  0.000000000000  0.138950401241  0.138186477735  0.132995954804  0.135162389413  0.141855104183  0.133530998178  0.136331154185  0.125439527289  0.138976736549  0.137670422186  0.140329791275  0.149623641570  0.134507892954  0.112742830265  0.140729622241  0.143878935108  0.111645366426  0.121929665691  0.145008269988  0.137492174650  0.139021062773  0.136390203224  0.136516805355  0.141124637992  0.188332657822  0.140744376660  0.140555017359  0.139572881572  0.152868654225  0.133265774563  0.150185436662  0.013216738648  0.000000000000  0.156499223281  0.147574813922  0.155561616379  0.155077948753  0.140478021027  0.142332115801  0.143104488528  0.140667116146  0.142524422443  0.156053739229  0.142140329950  0.149881666639  0.177351856563  0.135904164499  0.137362380768  0.141053379552  
tax6       0.070535297117  0.122351962454  0.122123183302  0.075863905222  0.138950401241  0.000000000000  0.037257830039  0.015633996434  0.015862941059  0.014958247321  0.007169382939  0.014436349787  0.067623496332  0.007226191336  0.007165778720  0.006006908907  0.034077104472  0.074823766055  0.027887338129  0.044338749345  0.043134084861  0.159779048734  0.169262347460  0.074941587063  0.039305593827  0.038028793999  0.084167673043  0.054894806943  0.042025149023  0.051324350136  0.040635927337  0.040585925175  0.036823149899  0.080149275493  0.055120307710  0.184174088290  0.137980776959  0.138950401241  0.015560914719  0.003695695352  0.006456827575  0.017056268704  0.003563980804  0.010782123455  0.010834042256  0.003568219847  0.009577067652  0.003985361057  0.011979611488  0.077396465860  0.046098598532  0.082918665785  0.081480835173  0.072136882528  
tax7       0.067679747769  0.124484095902  0.127147823924  0.067634811770  0.138186477735  0.037257830039  0.000000000000  0.037352712239  0.037823865492  0.029342434313  0.032244061440  0.033465147084  0.067593312047  0.037561123716  0.037234650612  0.038864152789  0.043927682108  0.070649611367  0.055348066950  0.017121027421  0.013448671866  0.160871387915  0.161152890243  0.072465781273  0.029830728621  0.031116201952  0.073465348562  0.057162267193  0.035081911838  0.049230099669  0.033740036036  0.033697907802  0.019656212744  0.081888264848  0.050598017399  0.188555410762  0.137201679491  0.138186477735  0.051547447599  0.039940509954  0.046134052785  0.053706697329  0.038549204997  0.043813551471  0.043978794965  0.038549204997  0.042529417799  0.043349173834  0.045065473987  0.065246890530  0.032083149992  0.070676602500  0.066541263799  0.063794746376  
tax8       0.074617379949  0.119646832224  0.120862206387  0.077405381040  0.132995954804  0.015633996434  0.037352712239  0.000000000000  0.000000000000  0.011206726493  0.008399166335  0.005971040966  0.069111894637  0.015819864307  0.015686230267  0.014565946887  0.039138577157  0.079024780350  0.034219390152  0.043166232149  0.039388486454  0.156727734238  0.167786684398  0.073763971194  0.039407217020  0.040692240118  0.085762026168  0.054963445463  0.042137015638  0.056426770979  0.040742507018  0.040692240118  0.033097919938  0.073478766977  0.051132827448  0.185970331805  0.132015489645  0.132995954804  0.024868293494  0.014951541647  0.018297805241  0.029217623994  0.016858455728  0.021802315251  0.021908475558  0.016878782850  0.020577841447  0.018882341298  0.020540985368  0.071978661083  0.050961715213  0.084534334348  0.083080147574  0.075040140811  
tax9       0.075769074009  0.118554915085  0.120693884997  0.078604306289  0.135162389413  0.015862941059  0.037823865492  0.000000000000  0.000000000000  0.011220699071  0.008490861076  0.006057854113  0.070171359332  0.015975404660  0.015897254000  0.014726842801  0.037142412834  0.078852965211  0.034728873965  0.043815099470  0.039979322891  0.157080675117  0.166625075510  0.074715824064  0.039998608102  0.041303756970  0.084054093982  0.055800713545  0.042719743140  0.057352371106  0.041355547850  0.041303756970  0.033508834007  0.074614934893  0.051198325771  0.184992127740  0.134171990781  0.135162389413  0.023808872991  0.014988895812  0.018515627243  0.029571168594  0.017105660273  0.022123928625  0.022123928625  0.017105660273  0.020881191766  0.019114394712  0.020843238576  0.071755704734  0.052171311581  0.084436668588  0.080201810751  0.074523632941  
tax10      0.081689654893  0.116805235879  0.118004619801  0.078899919671  0.141855104183  0.014958247321  0.029342434313  0.011206726493  0.011220699071  0.000000000000  0.007432066487  0.007417556829  0.073093196538  0.014951541647  0.014951541647  0.013687331316  0.038110120938  0.082123272823  0.036771485523  0.038182878051  0.034294302311  0.161563605610  0.168225980907  0.080842907178  0.038231559367  0.039558800529  0.081815354172  0.059746141575  0.043563511150  0.057205003743  0.042224754314  0.042224754314  0.030249231144  0.080516818112  0.055582262228  0.193574572796  0.140854709775  0.141855104183  0.022417925786  0.014061550925  0.017179093242  0.025455317683  0.013693918457  0.018775170863  0.018775170863  0.013693918457  0.017531265773  0.014960451859  0.020050688266  0.076291056815  0.049487311996  0.087738880173  0.083392135775  0.076146508742  
tax11      0.073442612161  0.113998779293  0.112940060899  0.070780465254  0.133530998178  0.007169382939  0.032244061440  0.008399166335  0.008490861076  0.007432066487  0.000000000000  0.007200175930  0.062592256468  0.009659868248  0.009601895609  0.008441430413  0.034238891517  0.072449340560  0.028007288707  0.039407217020  0.035642480904  0.153745741049  0.164767169805  0.072393208541  0.034386787767  0.033116136004  0.078835539359  0.049826760889  0.037029831644  0.049715629003  0.035704860476  0.035660937075  0.029307114477  0.075037058257  0.047110620995  0.181257234118  0.132548060887  0.133530998178  0.018208932690  0.006181361018  0.009063818792  0.019738814111  0.008374479252  0.013247373183  0.013263346918  0.008374479252  0.012032940483  0.009347407184  0.014449893583  0.069575546416  0.043786805391  0.077791992302  0.075037058257  0.066966435221  
tax12      0.075940245664  0.115271090374  0.116287120635  0.073275199366  0.136331154185  0.014436349787  0.033465147084  0.005971040966  0.006057854113  0.007417556829  0.007200175930  0.000000000000  0.067737502664  0.012110514511  0.012008707282  0.010872366427  0.036710511561  0.079080148542  0.032940626988  0.039379514714  0.035617121651  0.156865428358  0.166548157831  0.075234788553  0.035593892231  0.036868422303  0.081758259798  0.053606383711  0.040763522086  0.054670533106  0.039428058809  0.039428058809  0.029253469436  0.070666229467  0.051036481254  0.186161099028  0.135354461433  0.136331154185  0.020826510449  0.013693918457  0.016977162501  0.025151991361  0.013216738648  0.018117477846  0.018205441138  0.013232638824  0.016916887517  0.014779532342  0.016890718654  0.070710389788  0.046039051019  0.085873700627  0.084417665728  0.074997361872  
tax13      0.049396639858  0.122545754942  0.123832150776  0.065187929090  0.125439527289  0.067623496332  0.067593312047  0.069111894637  0.070171359332  0.073093196538  0.062592256468  0.067737502664  0.000000000000  0.062882304677  0.062333037698  0.064138005886  0.062516137472  0.074712013433  0.062310534764  0.071978661083  0.068139509197  0.159865109822  0.157074585374  0.095822366159  0.059971963567  0.058644553135  0.074895805604  0.074539758865  0.062874853887  0.083890149631  0.062716925505  0.062638258822  0.066697298205  0.091202576693  0.065922534402  0.174399940038  0.121480437632  0.125439527289  0.077609392340  0.068698057562  0.075157778467  0.080205827517  0.066289528108  0.070510944786  0.070868299070  0.066372632151  0.071831404035  0.073128369060  0.069080201021  0.082616214860  0.082648146221  0.077200116357  0.075789691392  0.071954508970  
tax14      0.076609409285  0.120708853298  0.119232836245  0.069749355932  0.138976736549  0.007226191336  0.037561123716  0.015819864307  0.015975404660  0.014951541647  0.009659868248  0.012110514511  0.062882304677  0.000000000000  0.000000000000  0.001196287614  0.034472249051  0.074156028775  0.025629965576  0.042263124903  0.038456985486  0.159859962652  0.166315794320  0.077054189397  0.038430338061  0.037142412834  0.078018757567  0.056756465331  0.041119260862  0.051406869041  0.039771249448  0.039721856707  0.031966471541  0.078140170776  0.056440277807  0.182586452240  0.138001408841  0.138976736549  0.015555063874  0.008747347730  0.011706796982  0.019773345843  0.003599499806  0.013347526123  0.013363742535  0.003599499806  0.012124868192  0.003992287984  0.012105776919  0.073996276065  0.038898397888  0.080923455629  0.078140170776  0.069992528971  
tax15      0.075929641493  0.119581909852  0.119232836245  0.069134894434  0.137670422186  0.007165778720  0.037234650612  0.015686230267  0.015897254000  0.014951541647  0.009601895609  0.012008707282  0.062333037698  0.000000000000  0.000000000000  0.001196287614  0.034177607327  0.073497286173  0.025412824680  0.041898351289  0.038125751337  0.159859962652  0.166315794320  0.076561682368  0.038099567604  0.036823149899  0.077522224058  0.056259242825  0.040763522086  0.051406869041  0.039428058809  0.039379514714  0.031771102302  0.077444493405  0.056440277807  0.182586452240  0.136700623283  0.137670422186  0.015555063874  0.008671493071  0.011706796982  0.019773345843  0.003569519894  0.013235103970  0.013283052149  0.003569519894  0.012022821729  0.003992287984  0.012004050738  0.073340230197  0.038898397888  0.080200926395  0.077444493405  0.069373746337  
tax16      0.077891352952  0.122057708270  0.120794207193  0.071017165812  0.140329791275  0.006006908907  0.038864152789  0.014565946887  0.014726842801  0.013687331316  0.008441430413  0.010872366427  0.064138005886  0.001196287614  0.001196287614  0.000000000000  0.033158955351  0.075436875057  0.026847567868  0.043509662222  0.039700709174  0.161250039418  0.167708897118  0.078346067550  0.037096465174  0.035813760869  0.079299611197  0.055349871016  0.039820765240  0.049635965566  0.038430338061  0.038382733782  0.033197598634  0.076656547568  0.055083403113  0.183980919829  0.139361497162  0.140329791275  0.014223812888  0.007487716799  0.010378370973  0.018407242450  0.002394020454  0.012105776919  0.012135158996  0.002396889559  0.010886463496  0.002654580774  0.010870295632  0.075278703620  0.041191512119  0.082215431446  0.080766959937  0.071357771243  
tax17      0.082925277309  0.124144310899  0.134897940029  0.082973871635  0.149623641570  0.034077104472  0.043927682108  0.039138577157  0.037142412834  0.038110120938  0.034238891517  0.036710511561  0.062516137472  0.034472249051  0.034177607327  0.033158955351  0.000000000000  0.076412475779  0.053236820880  0.052367141782  0.051163421081  0.171243570113  0.167987331248  0.086388537071  0.038169984536  0.036889147139  0.087216043978  0.072333592901  0.040893897152  0.054889184012  0.039503108572  0.039454375854  0.044725732620  0.088843553817  0.060799580842  0.183853483391  0.148705291782  0.149623641570  0.047902049392  0.036678436404  0.043940650141  0.055513690393  0.035337161449  0.045609639581  0.045835768208  0.035380287700  0.044343459580  0.039637407642  0.044268167865  0.086054811459  0.060843959050  0.081822453961  0.080369929725  0.072344654280  
tax18      0.082865823162  0.132961962496  0.134919699119  0.076122624720  0.134507892954  0.074823766055  0.070649611367  0.079024780350  0.078852965211  0.082123272823  0.072449340560  0.079080148542  0.074712013433  0.074156028775  0.073497286173  0.075436875057  0.076412475779  0.000000000000  0.071949447212  0.075182611911  0.074060496858  0.154700663186  0.160213992720  0.099283020151  0.061611881821  0.060273527308  0.086089455947  0.069664144465  0.059161839930  0.080848517626  0.060349393248  0.060273527308  0.073952393291  0.101655424865  0.059472322557  0.186161099028  0.133649373391  0.134507892954  0.090050884971  0.079003981009  0.087535820531  0.089753612900  0.076190481567  0.080502572951  0.080916842672  0.076287503359  0.079159470647  0.084410052907  0.080399668556  0.078971798177  0.077971987270  0.029291352749  0.028016203950  0.020640757578  
tax19      0.081196991799  0.112251793859  0.114833768305  0.073218542141  0.112742830265  0.027887338129  0.055348066950  0.034219390152  0.034728873965  0.036771485523  0.028007288707  0.032940626988  0.062310534764  0.025629965576  0.025412824680  0.026847567868  0.053236820880  0.071949447212  0.000000000000  0.061227926852  0.057427692239  0.139622598840  0.148988157152  0.082060683278  0.053444270302  0.052135369337  0.083085251511  0.064050891439  0.056283816113  0.075146849098  0.056143248641  0.056073228109  0.053416957589  0.089678798507  0.061867777840  0.169364477958  0.105768609208  0.112742830265  0.035560371895  0.030233307472  0.034336822650  0.037417041289  0.029132137501  0.031747725243  0.031903588443  0.029167549001  0.032995710349  0.031261467380  0.030454326154  0.085594990950  0.055525655844  0.085594241869  0.084152837992  0.074788210461  
tax20      0.069354948972  0.124234355496  0.126840885396  0.070755645092  0.140729622241  0.044338749345  0.017121027421  0.043166232149  0.043815099470  0.038182878051  0.039407217020  0.039379514714  0.071978661083  0.042263124903  0.041898351289  0.043509662222  0.052367141782  0.075182611911  0.061227926852  0.000000000000  0.013200876638  0.161785349386  0.160000842131  0.073893831150  0.034410357094  0.035687277758  0.072071533015  0.056217600698  0.034537746900  0.048144303585  0.033177684230  0.033136949186  0.016926087386  0.080597435726  0.054064697248  0.189579831280  0.138233823811  0.140729622241  0.053607423568  0.047384360170  0.052472141179  0.058497792565  0.045630060710  0.048279432681  0.048519847554  0.045686440577  0.047008162600  0.051260536864  0.046924010607  0.070965562380  0.034200325712  0.073683483445  0.083325103850  0.076615622060  
tax21      0.073683483445  0.122797311643  0.125334648769  0.062869587693  0.143878935108  0.043134084861  0.013448671866  0.039388486454  0.039979322891  0.034294302311  0.035642480904  0.035617121651  0.068139509197  0.038456985486  0.038125751337  0.039700709174  0.051163421081  0.074060496858  0.057427692239  0.013200876638  0.000000000000  0.163369382117  0.160253481138  0.075470913571  0.033276308981  0.034555872012  0.065516873911  0.054952675757  0.035972415537  0.050039954055  0.034598591228  0.034555872012  0.018195873667  0.082202441502  0.050059121428  0.192677476378  0.142940668166  0.143878935108  0.049280832014  0.043452095176  0.048329559585  0.054074614148  0.041846754448  0.044311768816  0.044531139672  0.041898351289  0.043210057853  0.046998174114  0.042974133819  0.066965585659  0.031936719491  0.075337219248  0.076657882922  0.069990910395  
tax22      0.164007555141  0.137225876347  0.141308179386  0.159417738936  0.111645366426  0.159779048734  0.160871387915  0.156727734238  0.157080675117  0.161563605610  0.153745741049  0.156865428358  0.159865109822  0.159859962652  0.159859962652  0.161250039418  0.171243570113  0.154700663186  0.139622598840  0.161785349386  0.163369382117  0.000000000000  0.124725420980  0.173010006773  0.162820737370  0.161201380415  0.164402039928  0.150097123790  0.158637579884  0.208690338322  0.158198290677  0.157979563111  0.160213992720  0.178583788258  0.148557031746  0.155765900131  0.111900155290  0.111645366426  0.172017683219  0.164551047769  0.171636623904  0.169225940085  0.163008058826  0.161534631617  0.161984819301  0.163235073928  0.160367724018  0.180007031419  0.161310480966  0.157444180030  0.211769598004  0.161026643072  0.167426211151  0.164949163207  
tax23      0.172640510493  0.149959501848  0.155782928059  0.150434434755  0.121929665691  0.169262347460  0.161152890243  0.167786684398  0.166625075510  0.168225980907  0.164767169805  0.166548157831  0.157074585374  0.166315794320  0.166315794320  0.167708897118  0.167987331248  0.160213992720  0.148988157152  0.160000842131  0.160253481138  0.124725420980  0.000000000000  0.160166218318  0.154862355386  0.156461729754  0.156511224030  0.169352522044  0.153904162987  0.201760812913  0.155076203650  0.154862355386  0.163548998564  0.184226603421  0.152489887017  0.174996345198  0.117843012769  0.121929665691  0.182716540215  0.177866561336  0.189243500280  0.183604118830  0.169262347460  0.171135628441  0.171616570641  0.169499128161  0.172941412408  0.187230819160  0.170896173980  0.174199498315  0.222036244634  0.169830579386  0.169728783723  0.167242412766  
tax24      0.100265716585  0.142765697981  0.152411782155  0.101569876843  0.145008269988  0.074941587063  0.072465781273  0.073763971194  0.074715824064  0.080842907178  0.072393208541  0.075234788553  0.095822366159  0.077054189397  0.076561682368  0.078346067550  0.086388537071  0.099283020151  0.082060683278  0.073893831150  0.075470913571  0.173010006773  0.160166218318  0.000000000000  0.075762246890  0.074371193538  0.104262299255  0.085160487262  0.077456953739  0.107123850848  0.075859859500  0.075762246890  0.072670573867  0.076476076752  0.080425522960  0.196259875606  0.144080233788  0.145008269988  0.090119614014  0.082226839275  0.089098045337  0.091132846238  0.079074459700  0.080560007968  0.080766959937  0.079175632331  0.079325830955  0.088967387345  0.080456929944  0.097969166508  0.083594881516  0.105005082777  0.109336488671  0.102324404317  
tax25      0.066750804363  0.121039467103  0.125662885415  0.060007303799  0.137492174650  0.039305593827  0.029830728621  0.039407217020  0.039998608102  0.038231559367  0.034386787767  0.035593892231  0.059971963567  0.038430338061  0.038099567604  0.037096465174  0.038169984536  0.061611881821  0.053444270302  0.034410357094  0.033276308981  0.162820737370  0.154862355386  0.075762246890  0.000000000000  0.001184947306  0.069534685819  0.052401664255  0.004775139003  0.010788024221  0.005962406109  0.005955304422  0.029435914402  0.078182391104  0.040852511503  0.187109750150  0.135195523483  0.137492174650  0.052266102397  0.042034185996  0.046950075619  0.052904682134  0.038028793999  0.045801493245  0.046029539432  0.038075522507  0.044531139672  0.042692126659  0.045744834531  0.068352659804  0.036705945077  0.066993238443  0.065584536095  0.064428992124  
tax26      0.068103280420  0.119538064906  0.124080932763  0.058679762686  0.139021062773  0.038028793999  0.031116201952  0.040692240118  0.041303756970  0.039558800529  0.033116136004  0.036868422303  0.058644553135  0.037142412834  0.036823149899  0.035813760869  0.036889147139  0.060273527308  0.052135369337  0.035687277758  0.034555872012  0.161201380415  0.156461729754  0.074371193538  0.001184947306  0.000000000000  0.068177973609  0.051085190565  0.003576728258  0.009232352301  0.004763765083  0.004758098417  0.030703583466  0.076790573421  0.039520338148  0.185447596861  0.136727824720  0.139021062773  0.050857086311  0.040706249035  0.045544896379  0.051477568600  0.036755506263  0.044508016133  0.044729335178  0.036800611441  0.043239724639  0.041256105098  0.044453028342  0.066993238443  0.036705945077  0.065637797706  0.064234741683  0.063079354658  
tax27      0.084596211222  0.125397930171  0.131269778506  0.015724180467  0.136390203224  0.084167673043  0.073465348562  0.085762026168  0.084054093982  0.081815354172  0.078835539359  0.081758259798  0.074895805604  0.078018757567  0.077522224058  0.079299611197  0.087216043978  0.086089455947  0.083085251511  0.072071533015  0.065516873911  0.164402039928  0.156511224030  0.104262299255  0.069534685819  0.068177973609  0.000000000000  0.083039177271  0.069799821532  0.092777421408  0.068264284582  0.068177973609  0.070935157901  0.098687201128  0.073022251218  0.185540667796  0.135536931531  0.136390203224  0.085265272371  0.084415717064  0.091613342934  0.087766190830  0.080028183257  0.078887833734  0.079089404466  0.080130140892  0.081604833298  0.088483544021  0.078787433763  0.097317215216  0.095664619978  0.088863793573  0.090212304621  0.083452048789  
tax28      0.066580025442  0.116601222385  0.111350259555  0.073275199366  0.136516805355  0.054894806943  0.057162267193  0.054963445463  0.055800713545  0.059746141575  0.049826760889  0.053606383711  0.074539758865  0.056756465331  0.056259242825  0.055349871016  0.072333592901  0.069664144465  0.064050891439  0.056217600698  0.054952675757  0.150097123790  0.169352522044  0.085160487262  0.052401664255  0.051085190565  0.083039177271  0.000000000000  0.052598719803  0.072048110682  0.053789158748  0.053721892668  0.051111386480  0.072117985742  0.018629357886  0.178739321125  0.134028250944  0.136516805355  0.064967483853  0.055658148593  0.061228456867  0.067330385928  0.056217600698  0.057536242831  0.057825846733  0.056287991319  0.056389569559  0.063259130289  0.057464294994  0.034242312073  0.065452772908  0.077701943691  0.081803861911  0.069664144465  
tax29      0.069724301730  0.121526415068  0.125839358560  0.060233452064  0.141124637992  0.042025149023  0.035081911838  0.042137015638  0.042719743140  0.043563511150  0.037029831644  0.040763522086  0.062874853887  0.041119260862  0.040763522086  0.039820765240  0.040893897152  0.059161839930  0.056283816113  0.034537746900  0.035972415537  0.158637579884  0.153904162987  0.077456953739  0.004775139003  0.003576728258  0.069799821532  0.052598719803  0.000000000000  0.004603515219  0.001189174636  0.001189174636  0.032053602637  0.075693725019  0.040852511503  0.182909825760  0.138827135891  0.141124637992  0.052406672200  0.044758744280  0.049907672175  0.053048715211  0.040736302379  0.045915233020  0.046086906454  0.040736302379  0.044697099330  0.045703930817  0.045915233020  0.065887670559  0.039278304431  0.064530685370  0.064530685370  0.067310922016  
tax30      0.086073133583  0.154062667860  0.160247904895  0.080384822862  0.188332657822  0.051324350136  0.049230099669  0.056426770979  0.057352371106  0.057205003743  0.049715629003  0.054670533106  0.083890149631  0.051406869041  0.051406869041  0.049635965566  0.054889184012  0.080848517626  0.075146849098  0.048144303585  0.050039954055  0.208690338322  0.201760812913  0.107123850848  0.010788024221  0.009232352301  0.092777421408  0.072048110682  0.004603515219  0.000000000000  0.006136605755  0.006136605755  0.043151517010  0.105097118821  0.057630822276  0.237935117272  0.183595620479  0.188674099803  0.060095144659  0.053559771906  0.055024770855  0.058851882240  0.049635965566  0.056423007636  0.056605674275  0.049715629003  0.054847631738  0.049875726081  0.056423007636  0.086216191298  0.046419805696  0.086216191298  0.089770410266  0.091970465624  
tax31      0.068189408259  0.122709907259  0.127250262949  0.061415631632  0.140744376660  0.040635927337  0.033740036036  0.040742507018  0.041355547850  0.042224754314  0.035704860476  0.039428058809  0.062716925505  0.039771249448  0.039428058809  0.038430338061  0.039503108572  0.060349393248  0.056143248641  0.033177684230  0.034598591228  0.158198290677  0.155076203650  0.075859859500  0.005962406109  0.004763765083  0.068264284582  0.053789158748  0.001189174636  0.006136605755  0.000000000000  0.000000000000  0.030703583466  0.074114196590  0.042188529799  0.182396610151  0.138452013314  0.140744376660  0.050857086311  0.043421358077  0.048359533446  0.051477568600  0.039353954638  0.044508016133  0.044729335178  0.039402434655  0.043293237434  0.044132616989  0.044508016133  0.067078157946  0.039097537395  0.063018197802  0.064315859331  0.065866018116  
tax32      0.068103280420  0.122545754942  0.127250262949  0.061338663123  0.140555017359  0.040585925175  0.033697907802  0.040692240118  0.041303756970  0.042224754314  0.035660937075  0.039428058809  0.062638258822  0.039721856707  0.039379514714  0.038382733782  0.039454375854  0.060273527308  0.056073228109  0.033136949186  0.034555872012  0.157979563111  0.154862355386  0.075762246890  0.005955304422  0.004758098417  0.068177973609  0.053721892668  0.001189174636  0.006136605755  0.000000000000  0.000000000000  0.030703583466  0.074019430068  0.042188529799  0.182141089053  0.138265215103  0.140555017359  0.050857086311  0.043365943447  0.048359533446  0.051477568600  0.039305593827  0.044508016133  0.044729335178  0.039353954638  0.043239724639  0.044132616989  0.044453028342  0.066993238443  0.039097537395  0.062938765333  0.064234741683  0.065782576151  
tax33      0.066781449932  0.117103671781  0.120794207193  0.062794149737  0.139572881572  0.036823149899  0.019656212744  0.033097919938  0.033508834007  0.030249231144  0.029307114477  0.029253469436  0.066697298205  0.031966471541  0.031771102302  0.033197598634  0.044725732620  0.073952393291  0.053416957589  0.016926087386  0.018195873667  0.160213992720  0.163548998564  0.072670573867  0.029435914402  0.030703583466  0.070935157901  0.051111386480  0.032053602637  0.043151517010  0.030703583466  0.030703583466  0.000000000000  0.072368190384  0.047155319313  0.189235106282  0.138607671709  0.139572881572  0.042340412619  0.036908112863  0.041270481621  0.047118420728  0.035550242186  0.038109794405  0.038203760616  0.035593892231  0.036897659110  0.039741789275  0.036836145875  0.064315859331  0.020235705336  0.067004334136  0.073777375844  0.069888650679  
tax34      0.091327657744  0.142208386955  0.150922860523  0.092673992808  0.152868654225  0.080149275493  0.081888264848  0.073478766977  0.074614934893  0.080516818112  0.075037058257  0.070666229467  0.091202576693  0.078140170776  0.077444493405  0.076656547568  0.088843553817  0.101655424865  0.089678798507  0.080597435726  0.082202441502  0.178583788258  0.184226603421  0.076476076752  0.078182391104  0.076790573421  0.098687201128  0.072117985742  0.075693725019  0.105097118821  0.074114196590  0.074019430068  0.072368190384  0.000000000000  0.067459120526  0.188493339795  0.151727252421  0.152868654225  0.076516715372  0.081898158924  0.087512445020  0.082100472188  0.078770768875  0.069487515422  0.069840984777  0.078871155195  0.073526613116  0.088836300124  0.068046530626  0.081594836126  0.098885741227  0.107208173053  0.108589593997  0.101640284715  
tax35      0.070171769557  0.111306878584  0.108597770425  0.064544164680  0.133265774563  0.055120307710  0.050598017399  0.051132827448  0.051198325771  0.055582262228  0.047110620995  0.051036481254  0.065922534402  0.056440277807  0.056440277807  0.055083403113  0.060799580842  0.059472322557  0.061867777840  0.054064697248  0.050059121428  0.148557031746  0.152489887017  0.080425522960  0.040852511503  0.039520338148  0.073022251218  0.018629357886  0.040852511503  0.057630822276  0.042188529799  0.042188529799  0.047155319313  0.067459120526  0.000000000000  0.166642546552  0.132265549711  0.133265774563  0.062731213103  0.055253928430  0.060399493156  0.066553106977  0.056477318951  0.057770984652  0.057770984652  0.056477318951  0.056662429493  0.062411466325  0.057770984652  0.035290600057  0.056853308071  0.071939368802  0.070529672418  0.059360219366  
tax36      0.192404510288  0.152365915636  0.157320544846  0.180417325964  0.150185436662  0.184174088290  0.188555410762  0.185970331805  0.184992127740  0.193574572796  0.181257234118  0.186161099028  0.174399940038  0.182586452240  0.182586452240  0.183980919829  0.183853483391  0.186161099028  0.169364477958  0.189579831280  0.192677476378  0.155765900131  0.174996345198  0.196259875606  0.187109750150  0.185447596861  0.185540667796  0.178739321125  0.182909825760  0.237935117272  0.182396610151  0.182141089053  0.189235106282  0.188493339795  0.166642546552  0.000000000000  0.155374859499  0.150185436662  0.198635682663  0.190340256297  0.202059505342  0.199628102453  0.185830701459  0.187690524694  0.188221980809  0.186092742060  0.184891339539  0.202332252522  0.187425929428  0.185125800723  0.245524860159  0.193913445673  0.193849435077  0.188038571919  
tax37      0.136274952930  0.142431612733  0.135798073464  0.130677259212  0.013216738648  0.137980776959  0.137201679491  0.132015489645  0.134171990781  0.140854709775  0.132548060887  0.135354461433  0.121480437632  0.138001408841  0.136700623283  0.139361497162  0.148705291782  0.133649373391  0.105768609208  0.138233823811  0.142940668166  0.111900155290  0.117843012769  0.144080233788  0.135195523483  0.136727824720  0.135536931531  0.134028250944  0.138827135891  0.183595620479  0.138452013314  0.138265215103  0.138607671709  0.151727252421  0.132265549711  0.155374859499  0.000000000000  0.013216738648  0.155485851250  0.145191665664  0.154546509735  0.155467314174  0.139514528854  0.141366481031  0.142135767120  0.139702854947  0.141558016870  0.155003777930  0.141175465407  0.148948299490  0.174301148567  0.135056373242  0.136516805355  0.140223240588  
tax38      0.137136708861  0.138827135891  0.132086189825  0.131544109486  0.000000000000  0.138950401241  0.138186477735  0.132995954804  0.135162389413  0.141855104183  0.133530998178  0.136331154185  0.125439527289  0.138976736549  0.137670422186  0.140329791275  0.149623641570  0.134507892954  0.112742830265  0.140729622241  0.143878935108  0.111645366426  0.121929665691  0.145008269988  0.137492174650  0.139021062773  0.136390203224  0.136516805355  0.141124637992  0.188674099803  0.140744376660  0.140555017359  0.139572881572  0.152868654225  0.133265774563  0.150185436662  0.013216738648  0.000000000000  0.156499223281  0.147574813922  0.155561616379  0.155077948753  0.140478021027  0.142332115801  0.143104488528  0.140667116146  0.142524422443  0.156053739229  0.142140329950  0.149881666639  0.177351856563  0.135904164499  0.137362380768  0.141053379552  
tax39      0.083902233738  0.125199158039  0.125019325466  0.082213491568  0.156499223281  0.015560914719  0.051547447599  0.024868293494  0.023808872991  0.022417925786  0.018208932690  0.020826510449  0.077609392340  0.015555063874  0.015555063874  0.014223812888  0.047902049392  0.090050884971  0.035560371895  0.053607423568  0.049280832014  0.172017683219  0.182716540215  0.090119614014  0.052266102397  0.050857086311  0.085265272371  0.064967483853  0.052406672200  0.060095144659  0.050857086311  0.050857086311  0.042340412619  0.076516715372  0.062731213103  0.198635682663  0.155485851250  0.156499223281  0.000000000000  0.013421937192  0.015724045207  0.009127999089  0.014246483124  0.003843941489  0.003853817431  0.014264959070  0.007738459877  0.014822423410  0.002559460504  0.086609853821  0.048683635783  0.097379378339  0.098854530702  0.088541639914  
tax40      0.074525279377  0.123982178473  0.125264650157  0.078652738674  0.147574813922  0.003695695352  0.039940509954  0.014951541647  0.014988895812  0.014061550925  0.006181361018  0.013693918457  0.068698057562  0.008747347730  0.008671493071  0.007487716799  0.036678436404  0.079003981009  0.030233307472  0.047384360170  0.043452095176  0.164551047769  0.177866561336  0.082226839275  0.042034185996  0.040706249035  0.084415717064  0.055658148593  0.044758744280  0.053559771906  0.043421358077  0.043365943447  0.036908112863  0.081898158924  0.055253928430  0.190340256297  0.145191665664  0.147574813922  0.013421937192  0.000000000000  0.002675890914  0.013586060053  0.004934179875  0.009929926530  0.009954639289  0.004934179875  0.008681609828  0.005535023939  0.011170214879  0.074817592583  0.049403315763  0.081681945771  0.080252522806  0.073093196538  
tax41      0.081363545218  0.130670378446  0.128689820293  0.082741839186  0.155561616379  0.006456827575  0.046134052785  0.018297805241  0.018515627243  0.017179093242  0.009063818792  0.016977162501  0.075157778467  0.011706796982  0.011706796982  0.010378370973  0.043940650141  0.087535820531  0.034336822650  0.052472141179  0.048329559585  0.171636623904  0.189243500280  0.089098045337  0.046950075619  0.045544896379  0.091613342934  0.061228456867  0.049907672175  0.055024770855  0.048359533446  0.048359533446  0.041270481621  0.087512445020  0.060399493156  0.202059505342  0.154546509735  0.155561616379  0.015724045207  0.002675890914  0.000000000000  0.014471403270  0.007758836949  0.011692670035  0.011723132100  0.007768883415  0.011707881252  0.008039541908  0.013008148120  0.082918489144  0.048636239929  0.088972592866  0.090436288357  0.080173256229  
tax42      0.086539955573  0.126990097503  0.128306675208  0.081891285021  0.155077948753  0.017056268704  0.053706697329  0.029217623994  0.029571168594  0.025455317683  0.019738814111  0.025151991361  0.080205827517  0.019773345843  0.019773345843  0.018407242450  0.055513690393  0.089753612900  0.037417041289  0.058497792565  0.054074614148  0.169225940085  0.183604118830  0.091132846238  0.052904682134  0.051477568600  0.087766190830  0.067330385928  0.053048715211  0.058851882240  0.051477568600  0.051477568600  0.047118420728  0.082100472188  0.066553106977  0.199628102453  0.155467314174  0.155077948753  0.009127999089  0.013586060053  0.014471403270  0.000000000000  0.015724045207  0.005185218176  0.005198696481  0.015744677340  0.009132058640  0.014902753092  0.006490353734  0.087819795716  0.056508791137  0.091199405796  0.095773418920  0.085344880006  
tax43      0.074609755396  0.122351962454  0.122123183302  0.071797559294  0.140478021027  0.003563980804  0.038549204997  0.016858455728  0.017105660273  0.013693918457  0.008374479252  0.013216738648  0.066289528108  0.003599499806  0.003569519894  0.002394020454  0.035337161449  0.076190481567  0.029132137501  0.045630060710  0.041846754448  0.163008058826  0.169262347460  0.079074459700  0.038028793999  0.036755506263  0.080028183257  0.056217600698  0.040736302379  0.049635965566  0.039353954638  0.039305593827  0.035550242186  0.078770768875  0.056477318951  0.185830701459  0.139514528854  0.140478021027  0.014246483124  0.004934179875  0.007758836949  0.015724045207  0.000000000000  0.009573430905  0.009619477562  0.000000000000  0.008370175899  0.000000000000  0.010769221415  0.076024519831  0.043686066144  0.081531899573  0.080099978716  0.070780465254  
tax44      0.076175195869  0.118186303659  0.117616166844  0.073366711521  0.142332115801  0.010782123455  0.043813551471  0.021802315251  0.022123928625  0.018775170863  0.013247373183  0.018117477846  0.070510944786  0.013347526123  0.013235103970  0.012105776919  0.045609639581  0.080502572951  0.031747725243  0.048279432681  0.044311768816  0.161534631617  0.171135628441  0.080560007968  0.045801493245  0.044508016133  0.078887833734  0.057536242831  0.045915233020  0.056423007636  0.044508016133  0.044508016133  0.038109794405  0.069487515422  0.057770984652  0.187690524694  0.141366481031  0.142332115801  0.003843941489  0.009929926530  0.011692670035  0.005185218176  0.009573430905  0.000000000000  0.000000000000  0.009584901191  0.003582366943  0.010700279099  0.001186353072  0.077396355267  0.048458789884  0.085822508747  0.087171425544  0.077747965637  
tax45      0.076564648614  0.118819711003  0.117616166844  0.073740302664  0.143104488528  0.010834042256  0.043978794965  0.021908475558  0.022123928625  0.018775170863  0.013263346918  0.018205441138  0.070868299070  0.013363742535  0.013283052149  0.012135158996  0.045835768208  0.080916842672  0.031903588443  0.048519847554  0.044531139672  0.161984819301  0.171616570641  0.080766959937  0.046029539432  0.044729335178  0.079089404466  0.057825846733  0.046086906454  0.056605674275  0.044729335178  0.044729335178  0.038203760616  0.069840984777  0.057770984652  0.188221980809  0.142135767120  0.143104488528  0.003853817431  0.009954639289  0.011723132100  0.005198696481  0.009619477562  0.000000000000  0.000000000000  0.009619477562  0.003599560281  0.010728980612  0.001192009653  0.077791846643  0.048683635783  0.086265413181  0.086265413181  0.077946959177  
