20
Homosapie  0.000000000000  0.051026392962  0.223134508573  0.252308460195  0.280652561815  0.287037037037  0.299765807963  0.291044776119  0.298342541436  0.300629590766  0.314657461498  0.301103520757  0.281129653402  0.323521541343  0.325562700965  0.275862068966  0.292568448501  0.314407004510  0.295210677833  0.400642898890  
Xenopusla  0.051026392962  0.000000000000  0.222517516308  0.242942050520  0.276265581277  0.280481557377  0.296103896104  0.280030604438  0.286793435791  0.293427230047  0.308403805497  0.293657008614  0.269817073171  0.318060735216  0.317806760713  0.264661274014  0.285233160622  0.307042996571  0.290221642764  0.389678167585  
Artemiasa  0.223134508573  0.222517516308  0.000000000000  0.263585576435  0.306899286281  0.322667383705  0.309245483528  0.296936370778  0.286503551697  0.292913385827  0.293777894460  0.297782470961  0.280155642023  0.318083961249  0.318083961249  0.277389277389  0.317323259579  0.317827372950  0.316684665227  0.400590841950  
Anemonias  0.252308460195  0.242942050520  0.263585576435  0.000000000000  0.208452722063  0.210273643783  0.199810381607  0.209069212411  0.183211506720  0.191897654584  0.193617021277  0.196522153406  0.187148217636  0.224011713031  0.220223626641  0.191082802548  0.209016393443  0.200953516091  0.209016393443  0.304782491219  
Oryzasati  0.280652561815  0.276265581277  0.306899286281  0.208452722063  0.000000000000  0.020524515393  0.054145180484  0.085080147965  0.214752116082  0.226829268293  0.224271844660  0.238577426525  0.204836415363  0.255319148936  0.261197785606  0.207093549155  0.149093351242  0.136723910172  0.151719487525  0.308003233630  
Zeamaysxx  0.287037037037  0.280481557377  0.322667383705  0.210273643783  0.020524515393  0.000000000000  0.062060654750  0.096511385001  0.225790634960  0.231506512657  0.239377470356  0.244394618834  0.211976047904  0.264437689970  0.271475911292  0.215214251324  0.161165490553  0.149093351242  0.166284928997  0.303552206674  
Glycinema  0.299765807963  0.296103896104  0.309245483528  0.199810381607  0.054145180484  0.062060654750  0.000000000000  0.079624336464  0.204888569375  0.220363636364  0.226332440983  0.226207906296  0.203173099692  0.252686828293  0.253500000000  0.210903873745  0.153950033761  0.146194926569  0.154869251578  0.297838270616  
Zamiapumi  0.291044776119  0.280030604438  0.296936370778  0.209069212411  0.085080147965  0.096511385001  0.079624336464  0.000000000000  0.211501443696  0.216919739696  0.232177734375  0.226497808086  0.209850107066  0.259789156627  0.257571964956  0.219547424169  0.161114887831  0.137142857143  0.162051747617  0.293556085919  
Candidaal  0.298342541436  0.286793435791  0.286503551697  0.183211506720  0.214752116082  0.225790634960  0.204888569375  0.211501443696  0.000000000000  0.045988453116  0.126398946675  0.051796827946  0.125630344223  0.167586206897  0.172676837725  0.123494635428  0.207296448417  0.202877697842  0.203279479142  0.311390330511  
Kluyveromy 0.300629590766  0.293427230047  0.292913385827  0.191897654584  0.226829268293  0.231506512657  0.220363636364  0.216919739696  0.045988453116  0.000000000000  0.131897120246  0.021885198695  0.132673267327  0.168462067385  0.178803339518  0.132071318512  0.226581657675  0.214440956291  0.221515892421  0.319813647575  
Neurospora 0.314657461498  0.308403805497  0.293777894460  0.193617021277  0.224271844660  0.239377470356  0.226332440983  0.232177734375  0.126398946675  0.131897120246  0.000000000000  0.140604175922  0.140926213162  0.187456283516  0.192867198498  0.150807899461  0.228788621873  0.220363636364  0.221815519766  0.333240997230  
Saccharomy 0.301103520757  0.293657008614  0.297782470961  0.196522153406  0.238577426525  0.244394618834  0.226207906296  0.226497808086  0.051796827946  0.021885198695  0.140604175922  0.000000000000  0.136755919451  0.171113155474  0.179790940767  0.142474916388  0.229802955665  0.216622243761  0.225663716814  0.320340378809  
Bulleraal  0.281129653402  0.269817073171  0.280155642023  0.187148217636  0.204836415363  0.211976047904  0.203173099692  0.209850107066  0.125630344223  0.132673267327  0.140926213162  0.136755919451  0.000000000000  0.139765952749  0.142129732123  0.042427813789  0.191294117647  0.202231189176  0.185523541813  0.304687500000  
Leucospori 0.323521541343  0.318060735216  0.318083961249  0.224011713031  0.255319148936  0.264437689970  0.252686828293  0.259789156627  0.167586206897  0.168462067385  0.187456283516  0.171113155474  0.139765952749  0.000000000000  0.021122740247  0.138471731449  0.234583127775  0.248441007733  0.235279564572  0.355285472018  
Sporobolom 0.325562700965  0.317806760713  0.318083961249  0.220223626641  0.261197785606  0.271475911292  0.253500000000  0.257571964956  0.172676837725  0.178803339518  0.192867198498  0.179790940767  0.142129732123  0.021122740247  0.000000000000  0.139165009940  0.230712530713  0.249625187406  0.226748466258  0.350605463250  
Trichospor 0.275862068966  0.264661274014  0.277389277389  0.191082802548  0.207093549155  0.215214251324  0.210903873745  0.219547424169  0.123494635428  0.132071318512  0.150807899461  0.142474916388  0.042427813789  0.138471731449  0.139165009940  0.000000000000  0.199619771863  0.204334365325  0.194510175106  0.303307340683  
Chlamydomo 0.292568448501  0.285233160622  0.317323259579  0.209016393443  0.149093351242  0.161165490553  0.153950033761  0.161114887831  0.207296448417  0.226581657675  0.228788621873  0.229802955665  0.191294117647  0.234583127775  0.230712530713  0.199619771863  0.000000000000  0.079240610813  0.020169035728  0.311804613297  
Chlorellaa 0.314407004510  0.307042996571  0.317827372950  0.200953516091  0.136723910172  0.149093351242  0.146194926569  0.137142857143  0.202877697842  0.214440956291  0.220363636364  0.216622243761  0.202231189176  0.248441007733  0.249625187406  0.204334365325  0.079240610813  0.000000000000  0.085553705246  0.312584573748  
Volvoxcar  0.295210677833  0.290221642764  0.316684665227  0.209016393443  0.151719487525  0.166284928997  0.154869251578  0.162051747617  0.203279479142  0.221515892421  0.221815519766  0.225663716814  0.185523541813  0.235279564572  0.226748466258  0.194510175106  0.020169035728  0.085553705246  0.000000000000  0.307067424858  
Palmariap  0.400642898890  0.389678167585  0.400590841950  0.304782491219  0.308003233630  0.303552206674  0.297838270616  0.293556085919  0.311390330511  0.319813647575  0.333240997230  0.320340378809  0.304687500000  0.355285472018  0.350605463250  0.303307340683  0.311804613297  0.312584573748  0.307067424858  0.000000000000  

